PVDO
-- p       Bo    Viskositet
--(bar) (m3/Sm3) (cP)
---------------------
  27.5890 1.012  1.16
  82.7371 1.0040 1.164
 137.8951 0.9960 1.167
 193.0532 0.9880 1.172
 248.2113 0.9802 1.177
 303.3693 0.9724 1.181
 358.5274 0.9646 1.185
 386.1064 0.9607 1.19
  
PVDG
-- Trykk       Bg     Viskositet
-- (bar)    (m3/Sm3)    (mPa*s)
     50.00   0.022863    0.01369
     80.00   0.013911    0.01451
    110.00   0.009909    0.01551
    140.00   0.007684    0.01670
    170.00   0.006302    0.01807
    200.00   0.005384    0.01961
    230.00   0.004746    0.02132
    259.00   0.004300    0.02310
    278.81   0.004061    0.02440
    298.02   0.003870    0.02574
    316.67   0.003714    0.02710
    335.48   0.003581    0.02852
    353.28   0.003474    0.02995
    370.59   0.003384    0.03143
    387.44   0.003309    0.03294
    403.85   0.003245    0.03450
    419.84   0.003192    0.03611
    435.44   0.003146    0.03778
    450.66   0.003108    0.03951
    465.53   0.003076    0.04131
    480.07   0.003050    0.04318
    494.29   0.003028    0.04515
    508.21   0.003011    0.04720
    521.86   0.002997    0.04936
    535.23   0.002987    0.05163
    548.36   0.002980    0.05403
    561.25   0.002976    0.05656
    573.91   0.002975    0.05924
-- Calculated density of stabilised oil at 1 atm/ 15 degC	881.2 	kg/Sm3
-- Calculated density of produced gas at 1 atm/ 15 degC		  0.761 kg/Sm3
-- Region 2
-- Beregnet tetthet av stabilisert olje ved    864.8
-- Beregnet tetthet av produsert gass ved 1    0.790

--
--
--
-- Water PVT Properties
--
--  (Table 1)
--
--      Pref        Bw        Cw        Vw       Cvw
-- -------------------------------------------------
PVTW
--
-- Water PVT Properties
--
         310       1.0         0      0.42
/
--
--
--
-- Fluid Densities at Surface Conditions
--       Oil     Water       Gas
-- -----------------------------
DENSITY
--
-- General:
       881.2      1038     0.761
/


NOTUSEDSWOF
-- Sw          krw          krow         Pcow
------------------------------------------------
  0.00000      0.00000      1.00000      0.00000
  0.0500000    0.00000      0.972030     0.00000
  0.0750000    5.00000e-07  0.962030     0.00000
  0.100000     1.00000e-06  0.952030     0.00000
  0.125000     1.36510e-05  0.939270     0.00000
  0.150000     4.12380e-05  0.927580     0.00000
  0.175000     9.65470e-05  0.916000     0.00000
  0.200000     0.000276730  0.900000     0.00000
  0.225000     0.00103290   0.892000     0.00000
  0.250000     0.00334330   0.872000     0.00000
  0.275000     0.00717700   0.840000     0.00000
  0.300000     0.0129770    0.800000     0.00000
  0.325000     0.0206650    0.738000     0.00000
  0.350000     0.0299120    0.677000     0.00000
  0.375000     0.0412600    0.618000     0.00000
  0.400000     0.0547810    0.561000     0.00000
  0.425000     0.0699140    0.506000     0.00000
  0.450000     0.0869170    0.453000     0.00000
  0.475000     0.106540     0.402000     0.00000
  0.500000     0.127760     0.352000     0.00000
  0.525000     0.150670     0.305000     0.00000
  0.550000     0.176540     0.261000     0.00000
  0.575000     0.203980     0.219000     0.00000
  0.600000     0.232790     0.179000     0.00000
  0.625000     0.265210     0.142000     0.00000
  0.650000     0.298990     0.108000     0.00000
  0.675000     0.334310     0.0773000    0.00000
  0.700000     0.372940     0.0502000    0.00000
  0.725000     0.413130     0.0315988    0.00000
  0.750000     0.454580     0.0212222    0.00000
  0.775000     0.500030     0.0127208    0.00000
  0.800000     0.546710     0.00903820   0.00000
  0.825000     0.594900     0.00642690   0.00000
  0.850000     0.646760     0.00428950   0.00000
  0.875000     0.699980     0.00264270   0.00000
  0.900000     0.754860     0.00139990   0.00000
  0.925000     0.813370     0.000695380  0.00000
  0.950000     0.873250     0.00000      0.00000
  0.975000     0.936630     0.00000      0.00000
  1.00000      1.00000      0.00000      0.00000
/

NOTUSEDSGOF
-- Sg         krg          krog         Pcog
---------------------------------------------
  0            0            1.000        0
  0.02         0            0.89         0
  0.05         0.000747449  0.783628227  0
  0.075        0.002512259  0.70219269   0
  0.1          0.005315193  0.626989226  0
  0.125        0.00915625   0.557722534  0
  0.15         0.014035431  0.49410213   0
  0.175        0.019952735  0.435842428  0
  0.2          0.026908163  0.382662831  0
  0.225        0.034901715  0.334287813  0
  0.25         0.04393339   0.290447022  0
  0.275        0.054003189  0.250875376  0
  0.3          0.065111111  0.215313172  0
  0.325        0.077257157  0.1835062    0
  0.35         0.090441327  0.155205863  0
  0.375        0.10466362   0.130169306  0
  0.4          0.119924036  0.108159561  0
  0.425        0.136222577  0.088945689  0
  0.45         0.15355924   0.072302948  0
  0.475        0.171934028  0.058012964  0
  0.5          0.191346939  0.045863929  0
  0.525        0.211797973  0.035650804  0
  0.55         0.233287132  0.027175556  0
  0.575        0.255814413  0.020247412  0
  0.6          0.279379819  0.01468315   0
  0.625        0.303983348  0.010307421  0
  0.65         0.329625     0.006953125  0
  0.675        0.356304776  0.004461836  0
  0.7          0.384022676  0.002684309  0
  0.725        0.412778699  0.001481087  0
  0.75         0.442572846  0.000723247  0
  0.775        0.473405116  0.000293345  0
  0.8          0.50527551   8.66846E-05  0
  0.825        0.538184028  1.31417E-05  0
  0.85         0.572130669  1.63837E-07  0
  0.86         0.586        0            0
/
