   0.000    0.000    0.109    0.000    0.000    5.578
   1.000    0.000    0.217    1.000    0.000    5.545
   2.000    0.000    0.324    2.000    0.000    5.512
   3.000    0.000    0.450    3.000    0.000    5.480
   4.000    0.000    0.523    4.000    0.000    5.484
   5.000    0.000    0.524    5.000    0.000    5.468
   6.000    0.000    0.486    6.000    0.000    5.460
   7.000    0.000    0.432    7.000    0.000    5.463
   8.000    0.000    0.375    8.000    0.000    5.469
   9.000    0.000    0.318    9.000    0.000    5.534
  10.000    0.000    0.262   10.000    0.000    5.602
  11.000    0.000    0.212   11.000    0.000    5.653
  12.000    0.000    0.166   12.000    0.000    5.684
  13.000    0.000    0.124   13.000    0.000    5.699
  14.000    0.000    0.093   14.000    0.000    5.700
  15.000    0.000    0.066   15.000    0.000    5.693
  16.000    0.000    0.049   16.000    0.000    5.679
  17.000    0.000    0.043   17.000    0.000    5.658
  18.000    0.000    0.044   18.000    0.000    5.632
  19.000    0.000    0.063   19.000    0.000    5.603
  20.000    0.000    0.099   20.000    0.000    5.571
  21.000    0.000    0.156   21.000    0.000    5.538
  22.000    0.000    0.239   22.000    0.000    5.509
  23.000    0.000    0.354   23.000    0.000    5.485
  24.000    0.000    0.477   24.000    0.000    5.487
  25.000    0.000    0.528   25.000    0.000    5.472
  26.000    0.000    0.517   26.000    0.000    5.461
  27.000    0.000    0.473   27.000    0.000    5.461
  28.000    0.000    0.419   28.000    0.000    5.482
  29.000    0.000    0.361   29.000    0.000    5.549
  30.000    0.000    0.304   30.000    0.000    5.614
   0.000    1.000    0.134    0.000    1.000    5.622
   1.000    1.000    0.242    1.000    1.000    5.591
   2.000    1.000    0.350    2.000    1.000    5.558
   3.000    1.000    0.468    3.000    1.000    5.522
   4.000    1.000    0.527    4.000    1.000    5.487
   5.000    1.000    0.516    5.000    1.000    5.461
   6.000    1.000    0.469    6.000    1.000    5.460
   7.000    1.000    0.410    7.000    1.000    5.438
   8.000    1.000    0.350    8.000    1.000    5.439
   9.000    1.000    0.292    9.000    1.000    5.491
  10.000    1.000    0.237   10.000    1.000    5.555
  11.000    1.000    0.187   11.000    1.000    5.612
  12.000    1.000    0.145   12.000    1.000    5.655
  13.000    1.000    0.105   13.000    1.000    5.685
  14.000    1.000    0.078   14.000    1.000    5.700
  15.000    1.000    0.056   15.000    1.000    5.700
  16.000    1.000    0.044   16.000    1.000    5.697
  17.000    1.000    0.043   17.000    1.000    5.686
  18.000    1.000    0.051   18.000    1.000    5.667
  19.000    1.000    0.075   19.000    1.000    5.645
  20.000    1.000    0.117   20.000    1.000    5.616
  21.000    1.000    0.178   21.000    1.000    5.584
  22.000    1.000    0.265   22.000    1.000    5.550
  23.000    1.000    0.379   23.000    1.000    5.515
  24.000    1.000    0.492   24.000    1.000    5.480
  25.000    1.000    0.530   25.000    1.000    5.463
  26.000    1.000    0.507   26.000    1.000    5.460
  27.000    1.000    0.456   27.000    1.000    5.436
  28.000    1.000    0.396   28.000    1.000    5.448
  29.000    1.000    0.336   29.000    1.000    5.504
  30.000    1.000    0.278   30.000    1.000    5.568
   0.000    2.000    0.142    0.000    2.000    5.658
   1.000    2.000    0.250    1.000    2.000    5.632
   2.000    2.000    0.358    2.000    2.000    5.602
   3.000    2.000    0.473    3.000    2.000    5.566
   4.000    2.000    0.528    4.000    2.000    5.527
   5.000    2.000    0.513    5.000    2.000    5.488
   6.000    2.000    0.464    6.000    2.000    5.452
   7.000    2.000    0.403    7.000    2.000    5.426
   8.000    2.000    0.342    8.000    2.000    5.423
   9.000    2.000    0.284    9.000    2.000    5.457
  10.000    2.000    0.229   10.000    2.000    5.512
  11.000    2.000    0.180   11.000    2.000    5.569
  12.000    2.000    0.138   12.000    2.000    5.617
  13.000    2.000    0.100   13.000    2.000    5.653
  14.000    2.000    0.074   14.000    2.000    5.692
  15.000    2.000    0.053   15.000    2.000    5.699
  16.000    2.000    0.043   16.000    2.000    5.701
  17.000    2.000    0.044   17.000    2.000    5.699
  18.000    2.000    0.053   18.000    2.000    5.690
  19.000    2.000    0.079   19.000    2.000    5.676
  20.000    2.000    0.123   20.000    2.000    5.654
  21.000    2.000    0.186   21.000    2.000    5.626
  22.000    2.000    0.273   22.000    2.000    5.595
  23.000    2.000    0.386   23.000    2.000    5.558
  24.000    2.000    0.496   24.000    2.000    5.519
  25.000    2.000    0.530   25.000    2.000    5.480
  26.000    2.000    0.503   26.000    2.000    5.445
  27.000    2.000    0.450   27.000    2.000    5.422
  28.000    2.000    0.389   28.000    2.000    5.428
  29.000    2.000    0.328   29.000    2.000    5.467
  30.000    2.000    0.270   30.000    2.000    5.524
   0.000    3.000    0.132    0.000    3.000    5.682
   1.000    3.000    0.240    1.000    3.000    5.663
   2.000    3.000    0.348    2.000    3.000    5.638
   3.000    3.000    0.467    3.000    3.000    5.605
   4.000    3.000    0.527    4.000    3.000    5.567
   5.000    3.000    0.516    5.000    3.000    5.524
   6.000    3.000    0.470    6.000    3.000    5.480
   7.000    3.000    0.412    7.000    3.000    5.442
   8.000    3.000    0.352    8.000    3.000    5.420
   9.000    3.000    0.294    9.000    3.000    5.435
  10.000    3.000    0.238   10.000    3.000    5.477
  11.000    3.000    0.189   11.000    3.000    5.529
  12.000    3.000    0.146   12.000    3.000    5.578
  13.000    3.000    0.107   13.000    3.000    5.620
  14.000    3.000    0.079   14.000    3.000    5.657
  15.000    3.000    0.057   15.000    3.000    5.695
  16.000    3.000    0.044   16.000    3.000    5.698
  17.000    3.000    0.043   17.000    3.000    5.700
  18.000    3.000    0.050   18.000    3.000    5.700
  19.000    3.000    0.074   19.000    3.000    5.694
  20.000    3.000    0.116   20.000    3.000    5.679
  21.000    3.000    0.177   21.000    3.000    5.658
  22.000    3.000    0.263   22.000    3.000    5.632
  23.000    3.000    0.377   23.000    3.000    5.598
  24.000    3.000    0.491   24.000    3.000    5.558
  25.000    3.000    0.530   25.000    3.000    5.515
  26.000    3.000    0.508   26.000    3.000    5.471
  27.000    3.000    0.457   27.000    3.000    5.434
  28.000    3.000    0.398   28.000    3.000    5.421
  29.000    3.000    0.337   29.000    3.000    5.442
  30.000    3.000    0.280   30.000    3.000    5.487
   0.000    4.000    0.107    0.000    4.000    5.695
   1.000    4.000    0.214    1.000    4.000    5.683
   2.000    4.000    0.322    2.000    4.000    5.664
   3.000    4.000    0.448    3.000    4.000    5.635
   4.000    4.000    0.522    4.000    4.000    5.599
   5.000    4.000    0.524    5.000    4.000    5.557
   6.000    4.000    0.487    6.000    4.000    5.509
   7.000    4.000    0.434    7.000    4.000    5.462
   8.000    4.000    0.377    8.000    4.000    5.426
   9.000    4.000    0.320    9.000    4.000    5.424
  10.000    4.000    0.265   10.000    4.000    5.453
  11.000    4.000    0.214   11.000    4.000    5.497
  12.000    4.000    0.169   12.000    4.000    5.545
  13.000    4.000    0.126   13.000    4.000    5.588
  14.000    4.000    0.095   14.000    4.000    5.624
  15.000    4.000    0.067   15.000    4.000    5.661
  16.000    4.000    0.050   16.000    4.000    5.694
  17.000    4.000    0.043   17.000    4.000    5.700
  18.000    4.000    0.044   18.000    4.000    5.699
  19.000    4.000    0.062   19.000    4.000    5.701
  20.000    4.000    0.097   20.000    4.000    5.694
  21.000    4.000    0.153   21.000    4.000    5.679
  22.000    4.000    0.237   22.000    4.000    5.658
  23.000    4.000    0.352   23.000    4.000    5.629
  24.000    4.000    0.475   24.000    4.000    5.591
  25.000    4.000    0.528   25.000    4.000    5.547
  26.000    4.000    0.518   26.000    4.000    5.499
  27.000    4.000    0.475   27.000    4.000    5.453
  28.000    4.000    0.421   28.000    4.000    5.424
  29.000    4.000    0.363   29.000    4.000    5.428
  30.000    4.000    0.307   30.000    4.000    5.461
   0.000    5.000    0.071    0.000    5.000    5.700
   1.000    5.000    0.176    1.000    5.000    5.693
   2.000    5.000    0.280    2.000    5.000    5.680
   3.000    5.000    0.414    3.000    5.000    5.655
   4.000    5.000    0.509    4.000    5.000    5.623
   5.000    5.000    0.531    5.000    5.000    5.582
   6.000    5.000    0.509    6.000    5.000    5.533
   7.000    5.000    0.465    7.000    5.000    5.481
   8.000    5.000    0.414    8.000    5.000    5.436
   9.000    5.000    0.361    9.000    5.000    5.421
  10.000    5.000    0.307   10.000    5.000    5.438
  11.000    5.000    0.255   11.000    5.000    5.476
  12.000    5.000    0.207   12.000    5.000    5.520
  13.000    5.000    0.161   13.000    5.000    5.563
  14.000    5.000    0.123   14.000    5.000    5.601
  15.000    5.000    0.089   15.000    5.000    5.633
  16.000    5.000    0.064   16.000    5.000    5.661
  17.000    5.000    0.048   17.000    5.000    5.691
  18.000    5.000    0.040   18.000    5.000    5.704
  19.000    5.000    0.048   19.000    5.000    5.701
  20.000    5.000    0.074   20.000    5.000    5.699
  21.000    5.000    0.121   21.000    5.000    5.690
  22.000    5.000    0.197   22.000    5.000    5.675
  23.000    5.000    0.311   23.000    5.000    5.650
  24.000    5.000    0.445   24.000    5.000    5.615
  25.000    5.000    0.520   25.000    5.000    5.572
  26.000    5.000    0.529   26.000    5.000    5.522
  27.000    5.000    0.499   27.000    5.000    5.470
  28.000    5.000    0.454   28.000    5.000    5.431
  29.000    5.000    0.402   29.000    5.000    5.422
  30.000    5.000    0.348   30.000    5.000    5.445
   0.000    6.000    0.035    0.000    6.000    5.700
   1.000    6.000    0.131    1.000    6.000    5.699
   2.000    6.000    0.226    2.000    6.000    5.689
   3.000    6.000    0.366    3.000    6.000    5.671
   4.000    6.000    0.482    4.000    6.000    5.638
   5.000    6.000    0.528    5.000    6.000    5.597
   6.000    6.000    0.527    6.000    6.000    5.549
   7.000    6.000    0.498    7.000    6.000    5.494
   8.000    6.000    0.457    8.000    6.000    5.444
   9.000    6.000    0.410    9.000    6.000    5.422
  10.000    6.000    0.360   10.000    6.000    5.431
  11.000    6.000    0.309   11.000    6.000    5.464
  12.000    6.000    0.259   12.000    6.000    5.505
  13.000    6.000    0.210   13.000    6.000    5.547
  14.000    6.000    0.167   14.000    6.000    5.586
  15.000    6.000    0.126   15.000    6.000    5.620
  16.000    6.000    0.092   16.000    6.000    5.649
  17.000    6.000    0.066   17.000    6.000    5.672
  18.000    6.000    0.046   18.000    6.000    5.689
  19.000    6.000    0.041   19.000    6.000    5.701
  20.000    6.000    0.053   20.000    6.000    5.701
  21.000    6.000    0.085   21.000    6.000    5.695
  22.000    6.000    0.149   22.000    6.000    5.683
  23.000    6.000    0.256   23.000    6.000    5.661
  24.000    6.000    0.400   24.000    6.000    5.629
  25.000    6.000    0.499   25.000    6.000    5.588
  26.000    6.000    0.532   26.000    6.000    5.538
  27.000    6.000    0.521   27.000    6.000    5.483
  28.000    6.000    0.490   28.000    6.000    5.437
  29.000    6.000    0.446   29.000    6.000    5.421
  30.000    6.000    0.398   30.000    6.000    5.437
   0.000    7.000    0.009    0.000    7.000    5.700
   1.000    7.000    0.088    1.000    7.000    5.701
   2.000    7.000    0.168    2.000    7.000    5.700
   3.000    7.000    0.305    3.000    7.000    5.687
   4.000    7.000    0.438    4.000    7.000    5.666
   5.000    7.000    0.511    5.000    7.000    5.627
   6.000    7.000    0.533    6.000    7.000    5.575
   7.000    7.000    0.523    7.000    7.000    5.511
   8.000    7.000    0.495    8.000    7.000    5.447
   9.000    7.000    0.459    9.000    7.000    5.422
  10.000    7.000    0.417   10.000    7.000    5.430
  11.000    7.000    0.370   11.000    7.000    5.460
  12.000    7.000    0.321   12.000    7.000    5.500
  13.000    7.000    0.272   13.000    7.000    5.542
  14.000    7.000    0.224   14.000    7.000    5.581
  15.000    7.000    0.178   15.000    7.000    5.615
  16.000    7.000    0.136   16.000    7.000    5.645
  17.000    7.000    0.099   17.000    7.000    5.669
  18.000    7.000    0.067   18.000    7.000    5.686
  19.000    7.000    0.047   19.000    7.000    5.698
  20.000    7.000    0.042   20.000    7.000    5.701
  21.000    7.000    0.057   21.000    7.000    5.701
  22.000    7.000    0.103   22.000    7.000    5.692
  23.000    7.000    0.196   23.000    7.000    5.673
  24.000    7.000    0.341   24.000    7.000    5.642
  25.000    7.000    0.462   25.000    7.000    5.595
  26.000    7.000    0.521   26.000    7.000    5.543
  27.000    7.000    0.531   27.000    7.000    5.487
  28.000    7.000    0.518   28.000    7.000    5.440
  29.000    7.000    0.488   29.000    7.000    5.421
  30.000    7.000    0.449   30.000    7.000    5.434
   0.000    8.000    0.000    0.000    8.000    5.700
   1.000    8.000    0.057    1.000    8.000    5.697
   2.000    8.000    0.114    2.000    8.000    5.701
   3.000    8.000    0.238    3.000    8.000    5.699
   4.000    8.000    0.381    4.000    8.000    5.686
   5.000    8.000    0.476    5.000    8.000    5.656
   6.000    8.000    0.521    6.000    8.000    5.612
   7.000    8.000    0.532    7.000    8.000    5.553
   8.000    8.000    0.522    8.000    8.000    5.479
   9.000    8.000    0.499    9.000    8.000    5.422
  10.000    8.000    0.469   10.000    8.000    5.431
  11.000    8.000    0.429   11.000    8.000    5.464
  12.000    8.000    0.386   12.000    8.000    5.505
  13.000    8.000    0.340   13.000    8.000    5.547
  14.000    8.000    0.291   14.000    8.000    5.586
  15.000    8.000    0.242   15.000    8.000    5.620
  16.000    8.000    0.194   16.000    8.000    5.649
  17.000    8.000    0.149   17.000    8.000    5.672
  18.000    8.000    0.106   18.000    8.000    5.688
  19.000    8.000    0.072   19.000    8.000    5.699
  20.000    8.000    0.049   20.000    8.000    5.701
  21.000    8.000    0.043   21.000    8.000    5.698
  22.000    8.000    0.066   22.000    8.000    5.702
  23.000    8.000    0.137   23.000    8.000    5.689
  24.000    8.000    0.274   24.000    8.000    5.668
  25.000    8.000    0.409   25.000    8.000    5.629
  26.000    8.000    0.491   26.000    8.000    5.574
  27.000    8.000    0.525   27.000    8.000    5.504
  28.000    8.000    0.532   28.000    8.000    5.437
  29.000    8.000    0.518   29.000    8.000    5.421
  30.000    8.000    0.492   30.000    8.000    5.437
   0.000    9.000    0.014    0.000    9.000    5.700
   1.000    9.000    0.043    1.000    9.000    5.696
   2.000    9.000    0.072    2.000    9.000    5.697
   3.000    9.000    0.174    3.000    9.000    5.699
   4.000    9.000    0.315    4.000    9.000    5.699
   5.000    9.000    0.426    5.000    9.000    5.682
   6.000    9.000    0.491    6.000    9.000    5.642
   7.000    9.000    0.522    7.000    9.000    5.585
   8.000    9.000    0.530    8.000    9.000    5.510
   9.000    9.000    0.523    9.000    9.000    5.421
  10.000    9.000    0.507   10.000    9.000    5.438
  11.000    9.000    0.478   11.000    9.000    5.476
  12.000    9.000    0.443   12.000    9.000    5.520
  13.000    9.000    0.404   13.000    9.000    5.563
  14.000    9.000    0.358   14.000    9.000    5.601
  15.000    9.000    0.311   15.000    9.000    5.633
  16.000    9.000    0.260   16.000    9.000    5.661
  17.000    9.000    0.210   17.000    9.000    5.681
  18.000    9.000    0.160   18.000    9.000    5.693
  19.000    9.000    0.113   19.000    9.000    5.701
  20.000    9.000    0.074   20.000    9.000    5.699
  21.000    9.000    0.048   21.000    9.000    5.698
  22.000    9.000    0.045   22.000    9.000    5.700
  23.000    9.000    0.089   23.000    9.000    5.699
  24.000    9.000    0.207   24.000    9.000    5.684
  25.000    9.000    0.346   25.000    9.000    5.653
  26.000    9.000    0.446   26.000    9.000    5.597
  27.000    9.000    0.500   27.000    9.000    5.531
  28.000    9.000    0.527   28.000    9.000    5.449
  29.000    9.000    0.530   29.000    9.000    5.422
  30.000    9.000    0.520   30.000    9.000    5.445
   0.000   10.000    0.046    0.000   10.000    5.695
   1.000   10.000    0.047    1.000   10.000    5.697
   2.000   10.000    0.048    2.000   10.000    5.695
   3.000   10.000    0.121    3.000   10.000    5.697
   4.000   10.000    0.251    4.000   10.000    5.702
   5.000   10.000    0.368    5.000   10.000    5.696
   6.000   10.000    0.448    6.000   10.000    5.665
   7.000   10.000    0.496    7.000   10.000    5.617
   8.000   10.000    0.520    8.000   10.000    5.548
   9.000   10.000    0.529    9.000   10.000    5.459
  10.000   10.000    0.527   10.000   10.000    5.452
  11.000   10.000    0.511   11.000   10.000    5.497
  12.000   10.000    0.487   12.000   10.000    5.544
  13.000   10.000    0.457   13.000   10.000    5.588
  14.000   10.000    0.417   14.000   10.000    5.624
  15.000   10.000    0.374   15.000   10.000    5.653
  16.000   10.000    0.325   16.000   10.000    5.677
  17.000   10.000    0.273   17.000   10.000    5.692
  18.000   10.000    0.220   18.000   10.000    5.699
  19.000   10.000    0.165   19.000   10.000    5.701
  20.000   10.000    0.113   20.000   10.000    5.697
  21.000   10.000    0.069   21.000   10.000    5.697
  22.000   10.000    0.043   22.000   10.000    5.695
  23.000   10.000    0.057   23.000   10.000    5.700
  24.000   10.000    0.148   24.000   10.000    5.696
  25.000   10.000    0.282   25.000   10.000    5.675
  26.000   10.000    0.391   26.000   10.000    5.628
  27.000   10.000    0.461   27.000   10.000    5.562
  28.000   10.000    0.505   28.000   10.000    5.475
  29.000   10.000    0.524   29.000   10.000    5.428
  30.000   10.000    0.529   30.000   10.000    5.461
   0.000   11.000    0.090    0.000   11.000    5.697
   1.000   11.000    0.065    1.000   11.000    5.697
   2.000   11.000    0.041    2.000   11.000    5.690
   3.000   11.000    0.083    3.000   11.000    5.697
   4.000   11.000    0.195    4.000   11.000    5.701
   5.000   11.000    0.311    5.000   11.000    5.701
   6.000   11.000    0.399    6.000   11.000    5.675
   7.000   11.000    0.460    7.000   11.000    5.632
   8.000   11.000    0.498    8.000   11.000    5.567
   9.000   11.000    0.520    9.000   11.000    5.480
  10.000   11.000    0.531   10.000   11.000    5.476
  11.000   11.000    0.527   11.000   11.000    5.528
  12.000   11.000    0.514   12.000   11.000    5.578
  13.000   11.000    0.494   13.000   11.000    5.619
  14.000   11.000    0.462   14.000   11.000    5.651
  15.000   11.000    0.425   15.000   11.000    5.675
  16.000   11.000    0.381   16.000   11.000    5.692
  17.000   11.000    0.331   17.000   11.000    5.700
  18.000   11.000    0.277   18.000   11.000    5.700
  19.000   11.000    0.219   19.000   11.000    5.694
  20.000   11.000    0.159   20.000   11.000    5.700
  21.000   11.000    0.102   21.000   11.000    5.693
  22.000   11.000    0.056   22.000   11.000    5.696
  23.000   11.000    0.043   23.000   11.000    5.698
  24.000   11.000    0.104   24.000   11.000    5.699
  25.000   11.000    0.224   25.000   11.000    5.684
  26.000   11.000    0.335   26.000   11.000    5.642
  27.000   11.000    0.415   27.000   11.000    5.580
  28.000   11.000    0.472   28.000   11.000    5.496
  29.000   11.000    0.505   29.000   11.000    5.441
  30.000   11.000    0.523   30.000   11.000    5.487
   0.000   12.000    0.135    0.000   12.000    5.699
   1.000   12.000    0.090    1.000   12.000    5.689
   2.000   12.000    0.045    2.000   12.000    5.695
   3.000   12.000    0.061    3.000   12.000    5.696
   4.000   12.000    0.152    4.000   12.000    5.701
   5.000   12.000    0.262    5.000   12.000    5.700
   6.000   12.000    0.354    6.000   12.000    5.675
   7.000   12.000    0.422    7.000   12.000    5.631
   8.000   12.000    0.470    8.000   12.000    5.567
   9.000   12.000    0.502    9.000   12.000    5.485
  10.000   12.000    0.524   10.000   12.000    5.511
  11.000   12.000    0.530   11.000   12.000    5.568
  12.000   12.000    0.526   12.000   12.000    5.616
  13.000   12.000    0.516   13.000   12.000    5.652
  14.000   12.000    0.491   14.000   12.000    5.677
  15.000   12.000    0.462   15.000   12.000    5.693
  16.000   12.000    0.424   16.000   12.000    5.701
  17.000   12.000    0.377   17.000   12.000    5.699
  18.000   12.000    0.326   18.000   12.000    5.691
  19.000   12.000    0.266   19.000   12.000    5.698
  20.000   12.000    0.202   20.000   12.000    5.696
  21.000   12.000    0.137   21.000   12.000    5.695
  22.000   12.000    0.076   22.000   12.000    5.697
  23.000   12.000    0.041   23.000   12.000    5.698
  24.000   12.000    0.075   24.000   12.000    5.699
  25.000   12.000    0.179   25.000   12.000    5.684
  26.000   12.000    0.287   26.000   12.000    5.642
  27.000   12.000    0.371   27.000   12.000    5.579
  28.000   12.000    0.436   28.000   12.000    5.505
  29.000   12.000    0.479   29.000   12.000    5.466
  30.000   12.000    0.508   30.000   12.000    5.523
   0.000   13.000    0.172    0.000   13.000    5.689
   1.000   13.000    0.113    1.000   13.000    5.696
   2.000   13.000    0.054    2.000   13.000    5.697
   3.000   13.000    0.049    3.000   13.000    5.692
   4.000   13.000    0.124    4.000   13.000    5.702
   5.000   13.000    0.227    5.000   13.000    5.696
   6.000   13.000    0.319    6.000   13.000    5.665
   7.000   13.000    0.391    7.000   13.000    5.616
   8.000   13.000    0.444    8.000   13.000    5.547
   9.000   13.000    0.484    9.000   13.000    5.506
  10.000   13.000    0.512   10.000   13.000    5.554
  11.000   13.000    0.526   11.000   13.000    5.611
  12.000   13.000    0.530   12.000   13.000    5.653
  13.000   13.000    0.526   13.000   13.000    5.681
  14.000   13.000    0.508   14.000   13.000    5.695
  15.000   13.000    0.485   15.000   13.000    5.700
  16.000   13.000    0.452   16.000   13.000    5.698
  17.000   13.000    0.409   17.000   13.000    5.694
  18.000   13.000    0.361   18.000   13.000    5.697
  19.000   13.000    0.302   19.000   13.000    5.693
  20.000   13.000    0.236   20.000   13.000    5.690
  21.000   13.000    0.166   21.000   13.000    5.700
  22.000   13.000    0.097   22.000   13.000    5.691
  23.000   13.000    0.046   23.000   13.000    5.700
  24.000   13.000    0.059   24.000   13.000    5.695
  25.000   13.000    0.148   25.000   13.000    5.674
  26.000   13.000    0.251   26.000   13.000    5.627
  27.000   13.000    0.337   27.000   13.000    5.561
  28.000   13.000    0.406   28.000   13.000    5.524
  29.000   13.000    0.455   29.000   13.000    5.503
  30.000   13.000    0.491   30.000   13.000    5.566
   0.000   14.000    0.195    0.000   14.000    5.694
   1.000   14.000    0.129    1.000   14.000    5.699
   2.000   14.000    0.062    2.000   14.000    5.687
   3.000   14.000    0.045    3.000   14.000    5.699
   4.000   14.000    0.108    4.000   14.000    5.698
   5.000   14.000    0.206    5.000   14.000    5.682
   6.000   14.000    0.297    6.000   14.000    5.640
   7.000   14.000    0.371    7.000   14.000    5.583
   8.000   14.000    0.427    8.000   14.000    5.543
   9.000   14.000    0.470    9.000   14.000    5.532
  10.000   14.000    0.503   10.000   14.000    5.599
  11.000   14.000    0.521   11.000   14.000    5.651
  12.000   14.000    0.529   12.000   14.000    5.683
  13.000   14.000    0.530   13.000   14.000    5.698
  14.000   14.000    0.516   14.000   14.000    5.700
  15.000   14.000    0.497   15.000   14.000    5.693
  16.000   14.000    0.467   16.000   14.000    5.695
  17.000   14.000    0.427   17.000   14.000    5.699
  18.000   14.000    0.381   18.000   14.000    5.689
  19.000   14.000    0.324   19.000   14.000    5.690
  20.000   14.000    0.258   20.000   14.000    5.697
  21.000   14.000    0.186   21.000   14.000    5.694
  22.000   14.000    0.111   22.000   14.000    5.700
  23.000   14.000    0.051   23.000   14.000    5.699
  24.000   14.000    0.051   24.000   14.000    5.683
  25.000   14.000    0.131   25.000   14.000    5.651
  26.000   14.000    0.229   26.000   14.000    5.595
  27.000   14.000    0.316   27.000   14.000    5.553
  28.000   14.000    0.387   28.000   14.000    5.532
  29.000   14.000    0.439   29.000   14.000    5.547
  30.000   14.000    0.479   30.000   14.000    5.612
   0.000   15.000    0.203    0.000   15.000    5.695
   1.000   15.000    0.134    1.000   15.000    5.684
   2.000   15.000    0.065    2.000   15.000    5.701
   3.000   15.000    0.044    3.000   15.000    5.698
   4.000   15.000    0.104    4.000   15.000    5.682
   5.000   15.000    0.200    5.000   15.000    5.651
   6.000   15.000    0.290    6.000   15.000    5.597
   7.000   15.000    0.364    7.000   15.000    5.556
   8.000   15.000    0.422    8.000   15.000    5.543
   9.000   15.000    0.466    9.000   15.000    5.578
  10.000   15.000    0.500   10.000   15.000    5.641
  11.000   15.000    0.519   11.000   15.000    5.681
  12.000   15.000    0.528   12.000   15.000    5.699
  13.000   15.000    0.531   13.000   15.000    5.701
  14.000   15.000    0.518   14.000   15.000    5.690
  15.000   15.000    0.500   15.000   15.000    5.696
  16.000   15.000    0.471   16.000   15.000    5.696
  17.000   15.000    0.433   17.000   15.000    5.685
  18.000   15.000    0.387   18.000   15.000    5.696
  19.000   15.000    0.330   19.000   15.000    5.697
  20.000   15.000    0.264   20.000   15.000    5.687
  21.000   15.000    0.192   21.000   15.000    5.699
  22.000   15.000    0.116   22.000   15.000    5.702
  23.000   15.000    0.053   23.000   15.000    5.685
  24.000   15.000    0.049   24.000   15.000    5.655
  25.000   15.000    0.126   25.000   15.000    5.609
  26.000   15.000    0.223   26.000   15.000    5.558
  27.000   15.000    0.309   27.000   15.000    5.553
  28.000   15.000    0.380   28.000   15.000    5.533
  29.000   15.000    0.434   29.000   15.000    5.593
  30.000   15.000    0.475   30.000   15.000    5.651
   0.000   16.000    0.194    0.000   16.000    5.685
   1.000   16.000    0.128    1.000   16.000    5.701
   2.000   16.000    0.062    2.000   16.000    5.699
   3.000   16.000    0.045    3.000   16.000    5.678
   4.000   16.000    0.109    4.000   16.000    5.644
   5.000   16.000    0.207    5.000   16.000    5.596
   6.000   16.000    0.299    6.000   16.000    5.559
   7.000   16.000    0.372    7.000   16.000    5.554
   8.000   16.000    0.428    8.000   16.000    5.549
   9.000   16.000    0.471    9.000   16.000    5.619
  10.000   16.000    0.504   10.000   16.000    5.672
  11.000   16.000    0.522   11.000   16.000    5.698
  12.000   16.000    0.529   12.000   16.000    5.701
  13.000   16.000    0.530   13.000   16.000    5.689
  14.000   16.000    0.516   14.000   16.000    5.697
  15.000   16.000    0.496   15.000   16.000    5.693
  16.000   16.000    0.466   16.000   16.000    5.681
  17.000   16.000    0.426   17.000   16.000    5.697
  18.000   16.000    0.380   18.000   16.000    5.697
  19.000   16.000    0.322   19.000   16.000    5.682
  20.000   16.000    0.256   20.000   16.000    5.698
  21.000   16.000    0.184   21.000   16.000    5.700
  22.000   16.000    0.110   22.000   16.000    5.684
  23.000   16.000    0.051   23.000   16.000    5.650
  24.000   16.000    0.052   24.000   16.000    5.604
  25.000   16.000    0.132   25.000   16.000    5.561
  26.000   16.000    0.231   26.000   16.000    5.558
  27.000   16.000    0.317   27.000   16.000    5.549
  28.000   16.000    0.388   28.000   16.000    5.564
  29.000   16.000    0.440   29.000   16.000    5.633
  30.000   16.000    0.479   30.000   16.000    5.680
   0.000   17.000    0.170    0.000   17.000    5.700
   1.000   17.000    0.112    1.000   17.000    5.694
   2.000   17.000    0.054    2.000   17.000    5.671
   3.000   17.000    0.050    3.000   17.000    5.630
   4.000   17.000    0.125    4.000   17.000    5.579
   5.000   17.000    0.229    5.000   17.000    5.559
   6.000   17.000    0.321    6.000   17.000    5.558
   7.000   17.000    0.392    7.000   17.000    5.547
   8.000   17.000    0.445    8.000   17.000    5.588
   9.000   17.000    0.484    9.000   17.000    5.652
  10.000   17.000    0.513   10.000   17.000    5.691
  11.000   17.000    0.526   11.000   17.000    5.702
  12.000   17.000    0.530   12.000   17.000    5.691
  13.000   17.000    0.526   13.000   17.000    5.698
  14.000   17.000    0.508   14.000   17.000    5.691
  15.000   17.000    0.484   15.000   17.000    5.686
  16.000   17.000    0.450   16.000   17.000    5.697
  17.000   17.000    0.408   17.000   17.000    5.690
  18.000   17.000    0.359   18.000   17.000    5.690
  19.000   17.000    0.300   19.000   17.000    5.702
  20.000   17.000    0.235   20.000   17.000    5.695
  21.000   17.000    0.165   21.000   17.000    5.675
  22.000   17.000    0.096   22.000   17.000    5.639
  23.000   17.000    0.046   23.000   17.000    5.588
  24.000   17.000    0.059   24.000   17.000    5.560
  25.000   17.000    0.150   25.000   17.000    5.556
  26.000   17.000    0.252   26.000   17.000    5.554
  27.000   17.000    0.339   27.000   17.000    5.538
  28.000   17.000    0.408   28.000   17.000    5.602
  29.000   17.000    0.457   29.000   17.000    5.663
  30.000   17.000    0.492   30.000   17.000    5.696
   0.000   18.000    0.135    0.000   18.000    5.685
   1.000   18.000    0.090    1.000   18.000    5.656
   2.000   18.000    0.045    2.000   18.000    5.612
   3.000   18.000    0.060    3.000   18.000    5.572
   4.000   18.000    0.152    4.000   18.000    5.553
   5.000   18.000    0.262    5.000   18.000    5.556
   6.000   18.000    0.354    6.000   18.000    5.550
   7.000   18.000    0.422    7.000   18.000    5.554
   8.000   18.000    0.469    8.000   18.000    5.619
   9.000   18.000    0.502    9.000   18.000    5.674
  10.000   18.000    0.524   10.000   18.000    5.700
  11.000   18.000    0.530   11.000   18.000    5.697
  12.000   18.000    0.526   12.000   18.000    5.697
  13.000   18.000    0.516   13.000   18.000    5.692
  14.000   18.000    0.492   14.000   18.000    5.688
  15.000   18.000    0.463   15.000   18.000    5.697
  16.000   18.000    0.424   16.000   18.000    5.684
  17.000   18.000    0.378   17.000   18.000    5.693
  18.000   18.000    0.326   18.000   18.000    5.704
  19.000   18.000    0.267   19.000   18.000    5.690
  20.000   18.000    0.203   20.000   18.000    5.661
  21.000   18.000    0.137   21.000   18.000    5.620
  22.000   18.000    0.077   22.000   18.000    5.575
  23.000   18.000    0.041   23.000   18.000    5.557
  24.000   18.000    0.075   24.000   18.000    5.557
  25.000   18.000    0.179   25.000   18.000    5.554
  26.000   18.000    0.286   26.000   18.000    5.542
  27.000   18.000    0.371   27.000   18.000    5.567
  28.000   18.000    0.436   28.000   18.000    5.632
  29.000   18.000    0.479   29.000   18.000    5.682
  30.000   18.000    0.508   30.000   18.000    5.701
   0.000   19.000    0.095    0.000   19.000    5.637
   1.000   19.000    0.068    1.000   19.000    5.587
   2.000   19.000    0.041    2.000   19.000    5.568
   3.000   19.000    0.080    3.000   19.000    5.556
   4.000   19.000    0.189    4.000   19.000    5.557
   5.000   19.000    0.305    5.000   19.000    5.547
   6.000   19.000    0.394    6.000   19.000    5.528
   7.000   19.000    0.455    7.000   19.000    5.578
   8.000   19.000    0.495    8.000   19.000    5.641
   9.000   19.000    0.518    9.000   19.000    5.686
  10.000   19.000    0.531   10.000   19.000    5.701
  11.000   19.000    0.528   11.000   19.000    5.692
  12.000   19.000    0.516   12.000   19.000    5.696
  13.000   19.000    0.497   13.000   19.000    5.686
  14.000   19.000    0.466   14.000   19.000    5.697
  15.000   19.000    0.430   15.000   19.000    5.680
  16.000   19.000    0.386   16.000   19.000    5.696
  17.000   19.000    0.337   17.000   19.000    5.700
  18.000   19.000    0.283   18.000   19.000    5.683
  19.000   19.000    0.224   19.000   19.000    5.645
  20.000   19.000    0.164   20.000   19.000    5.596
  21.000   19.000    0.106   21.000   19.000    5.569
  22.000   19.000    0.058   22.000   19.000    5.550
  23.000   19.000    0.042   23.000   19.000    5.558
  24.000   19.000    0.100   24.000   19.000    5.554
  25.000   19.000    0.219   25.000   19.000    5.538
  26.000   19.000    0.329   26.000   19.000    5.532
  27.000   19.000    0.410   27.000   19.000    5.591
  28.000   19.000    0.468   28.000   19.000    5.652
  29.000   19.000    0.502   29.000   19.000    5.692
  30.000   19.000    0.522   30.000   19.000    5.701
   0.000   20.000    0.056    0.000   20.000    5.575
   1.000   20.000    0.050    1.000   20.000    5.559
   2.000   20.000    0.045    2.000   20.000    5.556
   3.000   20.000    0.110    3.000   20.000    5.557
   4.000   20.000    0.236    4.000   20.000    5.542
   5.000   20.000    0.354    5.000   20.000    5.524
   6.000   20.000    0.437    6.000   20.000    5.536
   7.000   20.000    0.488    7.000   20.000    5.593
   8.000   20.000    0.516    8.000   20.000    5.653
   9.000   20.000    0.528    9.000   20.000    5.692
  10.000   20.000    0.529   10.000   20.000    5.700
  11.000   20.000    0.516   11.000   20.000    5.697
  12.000   20.000    0.495   12.000   20.000    5.686
  13.000   20.000    0.467   13.000   20.000    5.697
  14.000   20.000    0.429   14.000   20.000    5.682
  15.000   20.000    0.387   15.000   20.000    5.696
  16.000   20.000    0.340   16.000   20.000    5.697
  17.000   20.000    0.288   17.000   20.000    5.673
  18.000   20.000    0.234   18.000   20.000    5.631
  19.000   20.000    0.178   19.000   20.000    5.579
  20.000   20.000    0.124   20.000   20.000    5.563
  21.000   20.000    0.076   21.000   20.000    5.552
  22.000   20.000    0.045   22.000   20.000    5.556
  23.000   20.000    0.052   23.000   20.000    5.551
  24.000   20.000    0.136   24.000   20.000    5.533
  25.000   20.000    0.267   25.000   20.000    5.523
  26.000   20.000    0.377   26.000   20.000    5.547
  27.000   20.000    0.450   27.000   20.000    5.605
  28.000   20.000    0.498   28.000   20.000    5.662
  29.000   20.000    0.521   29.000   20.000    5.697
  30.000   20.000    0.529   30.000   20.000    5.698
   0.000   21.000    0.025    0.000   21.000    5.552
   1.000   21.000    0.043    1.000   21.000    5.557
   2.000   21.000    0.060    2.000   21.000    5.551
   3.000   21.000    0.151    3.000   21.000    5.535
   4.000   21.000    0.288    4.000   21.000    5.525
   5.000   21.000    0.403    5.000   21.000    5.516
   6.000   21.000    0.475    6.000   21.000    5.541
   7.000   21.000    0.513    7.000   21.000    5.598
   8.000   21.000    0.528    8.000   21.000    5.656
   9.000   21.000    0.528    9.000   21.000    5.694
  10.000   21.000    0.517   10.000   21.000    5.699
  11.000   21.000    0.494   11.000   21.000    5.697
  12.000   21.000    0.463   12.000   21.000    5.693
  13.000   21.000    0.427   13.000   21.000    5.690
  14.000   21.000    0.383   14.000   21.000    5.694
  15.000   21.000    0.337   15.000   21.000    5.697
  16.000   21.000    0.287   16.000   21.000    5.670
  17.000   21.000    0.236   17.000   21.000    5.622
  18.000   21.000    0.184   18.000   21.000    5.575
  19.000   21.000    0.133   19.000   21.000    5.557
  20.000   21.000    0.089   20.000   21.000    5.557
  21.000   21.000    0.055   21.000   21.000    5.556
  22.000   21.000    0.042   22.000   21.000    5.544
  23.000   21.000    0.074   23.000   21.000    5.523
  24.000   21.000    0.181   24.000   21.000    5.522
  25.000   21.000    0.320   25.000   21.000    5.510
  26.000   21.000    0.424   26.000   21.000    5.552
  27.000   21.000    0.485   27.000   21.000    5.610
  28.000   21.000    0.520   28.000   21.000    5.666
  29.000   21.000    0.530   29.000   21.000    5.698
  30.000   21.000    0.526   30.000   21.000    5.697
   0.000   22.000    0.006    0.000   22.000    5.559
   1.000   22.000    0.046    1.000   22.000    5.546
   2.000   22.000    0.086    2.000   22.000    5.522
   3.000   22.000    0.197    3.000   22.000    5.522
   4.000   22.000    0.340    4.000   22.000    5.513
   5.000   22.000    0.446    5.000   22.000    5.525
   6.000   22.000    0.504    6.000   22.000    5.536
   7.000   22.000    0.528    7.000   22.000    5.593
   8.000   22.000    0.529    8.000   22.000    5.653
   9.000   22.000    0.516    9.000   22.000    5.692
  10.000   22.000    0.495   10.000   22.000    5.700
  11.000   22.000    0.462   11.000   22.000    5.695
  12.000   22.000    0.423   12.000   22.000    5.697
  13.000   22.000    0.381   13.000   22.000    5.683
  14.000   22.000    0.334   14.000   22.000    5.700
  15.000   22.000    0.285   15.000   22.000    5.676
  16.000   22.000    0.235   16.000   22.000    5.625
  17.000   22.000    0.186   17.000   22.000    5.572
  18.000   22.000    0.139   18.000   22.000    5.550
  19.000   22.000    0.096   19.000   22.000    5.556
  20.000   22.000    0.063   20.000   22.000    5.556
  21.000   22.000    0.044   21.000   22.000    5.537
  22.000   22.000    0.051   22.000   22.000    5.524
  23.000   22.000    0.105   23.000   22.000    5.518
  24.000   22.000    0.231   24.000   22.000    5.504
  25.000   22.000    0.370   25.000   22.000    5.522
  26.000   22.000    0.464   26.000   22.000    5.547
  27.000   22.000    0.511   27.000   22.000    5.605
  28.000   22.000    0.531   28.000   22.000    5.662
  29.000   22.000    0.528   29.000   22.000    5.697
  30.000   22.000    0.512   30.000   22.000    5.698
   0.000   23.000    0.000    0.000   23.000    5.542
   1.000   23.000    0.059    1.000   23.000    5.525
   2.000   23.000    0.118    2.000   23.000    5.520
   3.000   23.000    0.244    3.000   23.000    5.510
   4.000   23.000    0.386    4.000   23.000    5.524
   5.000   23.000    0.479    5.000   23.000    5.525
   6.000   23.000    0.523    6.000   23.000    5.521
   7.000   23.000    0.532    7.000   23.000    5.578
   8.000   23.000    0.520    8.000   23.000    5.641
   9.000   23.000    0.496    9.000   23.000    5.686
  10.000   23.000    0.465   10.000   23.000    5.701
  11.000   23.000    0.425   11.000   23.000    5.696
  12.000   23.000    0.381   12.000   23.000    5.695
  13.000   23.000    0.334   13.000   23.000    5.699
  14.000   23.000    0.285   14.000   23.000    5.690
  15.000   23.000    0.237   15.000   23.000    5.644
  16.000   23.000    0.189   16.000   23.000    5.578
  17.000   23.000    0.144   17.000   23.000    5.550
  18.000   23.000    0.102   18.000   23.000    5.556
  19.000   23.000    0.069   19.000   23.000    5.551
  20.000   23.000    0.048   20.000   23.000    5.531
  21.000   23.000    0.043   21.000   23.000    5.525
  22.000   23.000    0.068   22.000   23.000    5.515
  23.000   23.000    0.141   23.000   23.000    5.511
  24.000   23.000    0.280   24.000   23.000    5.524
  25.000   23.000    0.414   25.000   23.000    5.523
  26.000   23.000    0.494   26.000   23.000    5.532
  27.000   23.000    0.526   27.000   23.000    5.591
  28.000   23.000    0.532   28.000   23.000    5.652
  29.000   23.000    0.516   29.000   23.000    5.692
  30.000   23.000    0.489   30.000   23.000    5.701
   0.000   24.000    0.004    0.000   24.000    5.524
   1.000   24.000    0.078    1.000   24.000    5.520
   2.000   24.000    0.152    2.000   24.000    5.517
   3.000   24.000    0.286    3.000   24.000    5.525
   4.000   24.000    0.423    4.000   24.000    5.517
   5.000   24.000    0.503    5.000   24.000    5.500
   6.000   24.000    0.531    6.000   24.000    5.513
   7.000   24.000    0.527    7.000   24.000    5.554
   8.000   24.000    0.504    8.000   24.000    5.620
   9.000   24.000    0.472    9.000   24.000    5.674
  10.000   24.000    0.433   10.000   24.000    5.700
  11.000   24.000    0.388   11.000   24.000    5.697
  12.000   24.000    0.340   12.000   24.000    5.694
  13.000   24.000    0.292   13.000   24.000    5.701
  14.000   24.000    0.243   14.000   24.000    5.675
  15.000   24.000    0.196   15.000   24.000    5.616
  16.000   24.000    0.151   16.000   24.000    5.557
  17.000   24.000    0.112   17.000   24.000    5.556
  18.000   24.000    0.077   18.000   24.000    5.550
  19.000   24.000    0.053   19.000   24.000    5.525
  20.000   24.000    0.042   20.000   24.000    5.523
  21.000   24.000    0.051   21.000   24.000    5.511
  22.000   24.000    0.090   22.000   24.000    5.518
  23.000   24.000    0.178   23.000   24.000    5.526
  24.000   24.000    0.322   24.000   24.000    5.517
  25.000   24.000    0.448   25.000   24.000    5.496
  26.000   24.000    0.514   26.000   24.000    5.509
  27.000   24.000    0.531   27.000   24.000    5.567
  28.000   24.000    0.524   28.000   24.000    5.632
  29.000   24.000    0.498   29.000   24.000    5.682
  30.000   24.000    0.463   30.000   24.000    5.701
   0.000   25.000    0.013    0.000   25.000    5.518
   1.000   25.000    0.097    1.000   25.000    5.522
   2.000   25.000    0.181    2.000   25.000    5.526
   3.000   25.000    0.319    3.000   25.000    5.510
   4.000   25.000    0.450    4.000   25.000    5.504
   5.000   25.000    0.516    5.000   25.000    5.509
   6.000   25.000    0.533    6.000   25.000    5.499
   7.000   25.000    0.518    7.000   25.000    5.523
   8.000   25.000    0.487    8.000   25.000    5.589
   9.000   25.000    0.448    9.000   25.000    5.653
  10.000   25.000    0.404   10.000   25.000    5.692
  11.000   25.000    0.356   11.000   25.000    5.702
  12.000   25.000    0.307   12.000   25.000    5.695
  13.000   25.000    0.257   13.000   25.000    5.700
  14.000   25.000    0.210   14.000   25.000    5.665
  15.000   25.000    0.165   15.000   25.000    5.606
  16.000   25.000    0.124   16.000   25.000    5.573
  17.000   25.000    0.090   17.000   25.000    5.553
  18.000   25.000    0.061   18.000   25.000    5.527
  19.000   25.000    0.045   19.000   25.000    5.522
  20.000   25.000    0.043   20.000   25.000    5.507
  21.000   25.000    0.062   21.000   25.000    5.519
  22.000   25.000    0.112   22.000   25.000    5.527
  23.000   25.000    0.209   23.000   25.000    5.512
  24.000   25.000    0.356   24.000   25.000    5.498
  25.000   25.000    0.472   25.000   25.000    5.508
  26.000   25.000    0.525   26.000   25.000    5.503
  27.000   25.000    0.530   27.000   25.000    5.535
  28.000   25.000    0.513   28.000   25.000    5.603
  29.000   25.000    0.479   29.000   25.000    5.664
  30.000   25.000    0.438   30.000   25.000    5.696
   0.000   26.000    0.023    0.000   26.000    5.522
   1.000   26.000    0.113    1.000   26.000    5.527
   2.000   26.000    0.203    2.000   26.000    5.505
   3.000   26.000    0.342    3.000   26.000    5.508
   4.000   26.000    0.466    4.000   26.000    5.506
   5.000   26.000    0.523    5.000   26.000    5.487
   6.000   26.000    0.531    6.000   26.000    5.479
   7.000   26.000    0.509    7.000   26.000    5.489
   8.000   26.000    0.473    8.000   26.000    5.551
   9.000   26.000    0.430    9.000   26.000    5.621
  10.000   26.000    0.383   10.000   26.000    5.674
  11.000   26.000    0.333   11.000   26.000    5.699
  12.000   26.000    0.284   12.000   26.000    5.701
  13.000   26.000    0.234   13.000   26.000    5.700
  14.000   26.000    0.189   14.000   26.000    5.667
  15.000   26.000    0.145   15.000   26.000    5.640
  16.000   26.000    0.107   16.000   26.000    5.610
  17.000   26.000    0.077   17.000   26.000    5.578
  18.000   26.000    0.053   18.000   26.000    5.546
  19.000   26.000    0.042   19.000   26.000    5.514
  20.000   26.000    0.047   20.000   26.000    5.519
  21.000   26.000    0.073   21.000   26.000    5.525
  22.000   26.000    0.130   22.000   26.000    5.507
  23.000   26.000    0.232   23.000   26.000    5.504
  24.000   26.000    0.378   24.000   26.000    5.510
  25.000   26.000    0.486   25.000   26.000    5.496
  26.000   26.000    0.529   26.000   26.000    5.477
  27.000   26.000    0.527   27.000   26.000    5.499
  28.000   26.000    0.503   28.000   26.000    5.566
  29.000   26.000    0.464   29.000   26.000    5.635
  30.000   26.000    0.419   30.000   26.000    5.681
   0.000   27.000    0.029    0.000   27.000    5.530
   1.000   27.000    0.121    1.000   27.000    5.504
   2.000   27.000    0.214    2.000   27.000    5.511
   3.000   27.000    0.354    3.000   27.000    5.504
   4.000   27.000    0.474    4.000   27.000    5.477
   5.000   27.000    0.526    5.000   27.000    5.481
   6.000   27.000    0.529    6.000   27.000    5.480
   7.000   27.000    0.504    7.000   27.000    5.463
   8.000   27.000    0.465    8.000   27.000    5.510
   9.000   27.000    0.420    9.000   27.000    5.582
  10.000   27.000    0.372   10.000   27.000    5.644
  11.000   27.000    0.321   11.000   27.000    5.683
  12.000   27.000    0.271   12.000   27.000    5.700
  13.000   27.000    0.222   13.000   27.000    5.701
  14.000   27.000    0.178   14.000   27.000    5.689
  15.000   27.000    0.136   15.000   27.000    5.670
  16.000   27.000    0.099   16.000   27.000    5.647
  17.000   27.000    0.071   17.000   27.000    5.618
  18.000   27.000    0.049   18.000   27.000    5.587
  19.000   27.000    0.041   19.000   27.000    5.556
  20.000   27.000    0.049   20.000   27.000    5.525
  21.000   27.000    0.079   21.000   27.000    5.504
  22.000   27.000    0.139   22.000   27.000    5.504
  23.000   27.000    0.244   23.000   27.000    5.511
  24.000   27.000    0.389   24.000   27.000    5.491
  25.000   27.000    0.492   25.000   27.000    5.481
  26.000   27.000    0.531   26.000   27.000    5.481
  27.000   27.000    0.524   27.000   27.000    5.465
  28.000   27.000    0.497   28.000   27.000    5.525
  29.000   27.000    0.455   29.000   27.000    5.596
  30.000   27.000    0.409   30.000   27.000    5.654
   0.000   28.000    0.029    0.000   28.000    5.574
   1.000   28.000    0.122    1.000   28.000    5.541
   2.000   28.000    0.215    2.000   28.000    5.508
   3.000   28.000    0.355    3.000   28.000    5.477
   4.000   28.000    0.474    4.000   28.000    5.483
   5.000   28.000    0.526    5.000   28.000    5.476
   6.000   28.000    0.529    6.000   28.000    5.449
   7.000   28.000    0.504    7.000   28.000    5.464
   8.000   28.000    0.465    8.000   28.000    5.472
   9.000   28.000    0.420    9.000   28.000    5.538
  10.000   28.000    0.371   10.000   28.000    5.605
  11.000   28.000    0.321   11.000   28.000    5.656
  12.000   28.000    0.271   12.000   28.000    5.686
  13.000   28.000    0.222   13.000   28.000    5.699
  14.000   28.000    0.177   14.000   28.000    5.700
  15.000   28.000    0.135   15.000   28.000    5.692
  16.000   28.000    0.099   16.000   28.000    5.677
  17.000   28.000    0.071   17.000   28.000    5.655
  18.000   28.000    0.049   18.000   28.000    5.628
  19.000   28.000    0.041   19.000   28.000    5.599
  20.000   28.000    0.050   20.000   28.000    5.567
  21.000   28.000    0.079   21.000   28.000    5.534
  22.000   28.000    0.140   22.000   28.000    5.509
  23.000   28.000    0.245   23.000   28.000    5.488
  24.000   28.000    0.390   24.000   28.000    5.485
  25.000   28.000    0.493   25.000   28.000    5.479
  26.000   28.000    0.531   26.000   28.000    5.453
  27.000   28.000    0.524   27.000   28.000    5.463
  28.000   28.000    0.496   28.000   28.000    5.485
  29.000   28.000    0.455   29.000   28.000    5.553
  30.000   28.000    0.408   30.000   28.000    5.617
   0.000   29.000    0.024    0.000   29.000    5.616
   1.000   29.000    0.114    1.000   29.000    5.584
   2.000   29.000    0.205    2.000   29.000    5.551
   3.000   29.000    0.344    3.000   29.000    5.515
   4.000   29.000    0.467    4.000   29.000    5.481
   5.000   29.000    0.524    5.000   29.000    5.452
   6.000   29.000    0.531    6.000   29.000    5.463
   7.000   29.000    0.508    7.000   29.000    5.452
   8.000   29.000    0.472    8.000   29.000    5.443
   9.000   29.000    0.429    9.000   29.000    5.497
  10.000   29.000    0.381   10.000   29.000    5.562
  11.000   29.000    0.331   11.000   29.000    5.619
  12.000   29.000    0.282   12.000   29.000    5.660
  13.000   29.000    0.232   13.000   29.000    5.686
  14.000   29.000    0.187   14.000   29.000    5.700
  15.000   29.000    0.144   15.000   29.000    5.700
  16.000   29.000    0.106   16.000   29.000    5.695
  17.000   29.000    0.076   17.000   29.000    5.682
  18.000   29.000    0.052   18.000   29.000    5.662
  19.000   29.000    0.041   19.000   29.000    5.639
  20.000   29.000    0.047   20.000   29.000    5.610
  21.000   29.000    0.074   21.000   29.000    5.577
  22.000   29.000    0.131   22.000   29.000    5.543
  23.000   29.000    0.234   23.000   29.000    5.508
  24.000   29.000    0.380   24.000   29.000    5.479
  25.000   29.000    0.487   25.000   29.000    5.456
  26.000   29.000    0.530   26.000   29.000    5.464
  27.000   29.000    0.526   27.000   29.000    5.450
  28.000   29.000    0.502   28.000   29.000    5.453
  29.000   29.000    0.462   29.000   29.000    5.511
  30.000   29.000    0.417   30.000   29.000    5.575
   0.000   30.000    0.015    0.000   30.000    5.651
   1.000   30.000    0.100    1.000   30.000    5.623
   2.000   30.000    0.186    2.000   30.000    5.592
   3.000   30.000    0.324    3.000   30.000    5.556
   4.000   30.000    0.453    4.000   30.000    5.517
   5.000   30.000    0.518    5.000   30.000    5.479
   6.000   30.000    0.532    6.000   30.000    5.445
   7.000   30.000    0.516    7.000   30.000    5.424
   8.000   30.000    0.484    8.000   30.000    5.425
   9.000   30.000    0.444    9.000   30.000    5.464
  10.000   30.000    0.400   10.000   30.000    5.522
  11.000   30.000    0.351   11.000   30.000    5.579
  12.000   30.000    0.302   12.000   30.000    5.626
  13.000   30.000    0.252   13.000   30.000    5.661
  14.000   30.000    0.206   14.000   30.000    5.695
  15.000   30.000    0.161   15.000   30.000    5.697
  16.000   30.000    0.121   16.000   30.000    5.701
  17.000   30.000    0.087   17.000   30.000    5.697
  18.000   30.000    0.059   18.000   30.000    5.686
  19.000   30.000    0.044   19.000   30.000    5.669
  20.000   30.000    0.044   20.000   30.000    5.646
  21.000   30.000    0.064   21.000   30.000    5.617
  22.000   30.000    0.116   22.000   30.000    5.584
  23.000   30.000    0.214   23.000   30.000    5.548
  24.000   30.000    0.361   24.000   30.000    5.509
  25.000   30.000    0.475   25.000   30.000    5.472
  26.000   30.000    0.526   26.000   30.000    5.443
  27.000   30.000    0.530   27.000   30.000    5.421
  28.000   30.000    0.511   28.000   30.000    5.432
  29.000   30.000    0.476   29.000   30.000    5.475
  30.000   30.000    0.434   30.000   30.000    5.534
